13:51:24.204 TX read-preset 6 aa 55 02 00 96 06 c0 1c
13:51:24.294 RX aa 55 02 01 97 06 42 72 69 74 38 30 30 00 00 00 00 00 00 00 00 00 00 00 00 00 01 00 02 00 1e 00 3a 00 64 00 00 00 00 00 00 00 00 00 00 00 00 00 00 00 01 00 07 00 3a 00 32 00 28 00 32 00 32 00 30 00 00 00 00 00
13:51:24.296 RX 00 00 00 00 01 00 0f 00 01 00 0a 00 32 00 06 00 00 00 00 00 00 00 00 00 00 00 00 00 00 00 01 00 0f 00 46 00 00 00 46 00 00 00 00 00 00 00 00 00 00 00 00 00 00 00 01 00 32 00 32 00 32 00 32 00 78 00 00 00 00 00
13:51:24.296 RX 00 00 00 00 00 00 01 00 01 00 0e 00 09 00 c2 01 00 00 00 00 00 00 00 00 00 00 00 00 00 00 00 00 01 00 00 00 0a 00 0a 00 32 00 00 00 00 00 00 00 00 00 00 00 00 00 01 02 03 04 05 06 07 00 00 00 00 00 00 00 00 00
13:51:24.298 RX 00 00 00 00 00 00 00 00 00 00 00 00 00 00 00 00 00 00 00 00 00 00 00 00 00 00 00 00 00 00 00 00 00 00 00 00 00 00 00 00 00 00 00 00 00 00 00 00 00 00 00 00 1c 20
13:51:25.765 TX read-preset 39 aa 55 02 00 96 27 f4 5f
13:51:25.855 RX aa 55 02 01 97 27 41 6e 6f 74 68 65 72 20 44 61 79 00 00 00 00 00 00 00 00 00 01 00 02 00 00 00 30 00 64 00 00 00 00 00 00 00 00 00 00 00 00 00 00 00 01 00 13 00 51 00 2d 00 3e 00 44 00 40 00 27 00 00 00 00 00
13:51:25.857 RX 00 00 00 00 01 00 09 00 03 00 0a 00 32 00 05 00 00 00 00 00 00 00 00 00 00 00 00 00 00 00 01 00 1a 00 30 00 31 00 4d 00 00 00 00 00 00 00 00 00 00 00 00 00 01 00 0a 00 0e 00 1e 00 2d 00 48 00 78 00 00 00 00 00
13:51:25.857 RX 00 00 00 00 00 00 01 00 01 00 0f 00 14 00 d9 01 00 00 00 00 00 00 00 00 00 00 00 00 00 00 01 00 02 00 00 00 11 00 00 00 19 00 00 00 00 00 00 00 00 00 00 00 00 00 04 01 02 03 05 06 07 00 00 00 00 00 00 00 00 00
13:51:25.859 RX 00 00 00 00 00 00 00 00 00 00 00 00 00 00 00 00 00 00 00 00 00 00 00 00 00 00 00 00 00 00 00 00 00 00 00 00 00 00 00 00 00 00 00 00 00 00 00 00 00 00 00 00 2a df
