13:27:27.177 >>> LISTENING 30s — press the preset button on the Hornet now
13:27:35.091 RX aa 55 02 00 98 09 12 fc
13:27:35.092 RX aa 55 12 00 d2 02 00 01 03 04 08 09 0a 0b 00 00 00 00 00 01 02 03 76 e4
13:27:36.812 RX aa 55 02 00 98 0a 22 9f
13:27:36.882 RX aa 55 12 00 d2 02 00 01 03 04 08 09 0a 0b 00 00 00 00 00 01 02 03 76 e4
13:27:38.297 RX aa 55 02 00 98 0b 32 be
13:27:38.331 RX aa 55 12 00 d2 02 00 01 03 04 08 09 0a 0b 00 00 00 00 00 01 02 03 76 e4
13:27:39.849 RX aa 55 02 00 98 08 02 dd
13:27:39.919 RX aa 55 12 00 d2 02 00 01 03 04 08 09 0a 0b 00 00 00 00 00 01 02 03 76 e4
13:27:57.178 TX get-current
13:27:57.299 RX aa 55 02 01 a1 08 55 53 20 53 6f 6e 69 63 20 43 6c 65 61 6e 00 00 00 00 00 00 01 00 04 00 04 00 32 00 64 00 00 00 00 00 00 00 00 00 00 00 00 00 00 00 01 00 04 00 37 00 37 00 24 00 37 00 29 00 3b 00 00 00 00 00
13:27:57.434 RX 00 00 00 00 01 00 03 00 04 00 19 00 4b 00 04 00 00 00 00 00 00 00 00 00 00 00 00 00 01 00 02 00 4e 00 64 00 22 00 3b 00 00 00 00 00 00 00 00 00 00 00 00 00 01 00 0a 00 15 00 2c 00 2d 00 3e 00 78 00 00 00 00 00
13:27:57.501 RX 00 00 00 00 00 00 00 00 01 00 0c 00 0f 00 b7 00 00 00 00 00 00 00 00 00 00 00 00 00 00 00 01 00 03 00 00 00 14 00 24 00 0f 00 00 00 00 00 00 00 00 00 00 00 00 00 01 02 03 04 05 06 07 00 00 00 00 00 00 00 00 00
13:27:57.636 RX 00 00 00 00 00 00 00 00 00 00 00 00 00 00 00 00 00 00 00 00 00 00 00 00 00 00 00 00 00 00 00 00 00 00 00 00 00 00 00 00 00 00 00 00 00 00 00 00 00 00 00 00 6a e7
13:27:57.771 RX aa 55 11 00 b0 09 32 32 32 32 00 05 02 00 00 00 05 00 01 ee 00 84 67
13:27:57.840 RX aa 55 05 00 b7 48 28 3c 3c bc ad
13:27:57.973 RX aa 55 12 00 d2 02 00 01 03 04 08 09 0a 0b 00 00 00 00 00 01 02 03 76 e4
13:27:58.041 RX aa 55 02 00 d0 00 07 b0
13:27:58.142 RX aa 55 09 00 ba 00 01 00 00 73 00 09 00 fa 40
13:27:58.345 RX aa 55 08 00 c7 01 00 00 00 00 4b 00 10 aa
13:27:58.479 RX aa 55 03 00 c9 00 00 a9 4b
13:27:58.547 RX aa 55 10 00 d7 00 00 00 00 00 00 00 00 00 01 00 00 64 00 01 d0 e6
13:27:58.682 RX aa 55 02 00 b5 01 e3 4e
